 -1  -1  -1  -1  -1  -1  -1  -1  -1  -1  -1  -1  -1  -1  -1  -1  -1  -1  -1  -1  -1  -1  -1  -1  -1  -1  -1  -1  -1  -1  -1  -1  -1  -1  -1  -1  -1  -1  -1  -1  -1  -1  -1  -1  -1  -1  -1  -1  -1  -1  -1  -1  -1  -1  -1  -1  -1  -1  -1  -1  -1  -1  -1  -1  -1  -1  -1  -1  -1  -1  -1  -1  -1  -1  -1  -1  -1  -1  -1  -1  -1  -1  -1  -1  -1  -1  -1  -1  -1  -1  -1  -1  -1  -1  -1  -1  -1  -1  -1  -1  -1  -1  -1  -1  -1  -1  -1  -1  -1  -1  -1  -1  -1  -1  -1  -1  -1  -1  -1  -1  -1  -1  -1  -1  -1  -1  -1  -1  -1  -1  -1
 -1  .   .   -1  -1  -1  -1  -1  .   -1  -1  -1  -1  -1  -1  -1  -1  -1  .   -1  -1  -1  -1  -1  -1  -1  -1  .   -1  -1  -1  .   -1  -1  -1  -1  -1  -1  .   -1  .   -1  .   -1  -1  .   -1  -1  .   -1  -1  -1  -1  -1  -1  .   -1  -1  -1  -1  .   -1  -1  -1  -1  -1  -1  -1  -1  -1  -1  -1  -1  -1  -1  .   -1  -1  -1  -1  -1  -1  -1  -1  -1  -1  -1  -1  -1  -1  .   -1  -1  -1  -1  -1  -1  -1  -1  .   -1  -1  -1  .   -1  .   -1  -1  -1  -1  .   -1  -1  -1  .   -1  -1  -1  -1  .   .   -1  .   -1  -1  -1  -1  -1  .   -1  -1
 -1  -1  -1  -1  -1  -1  -1  -1  -1  -1  -1  .   -1  -1  .   -1  -1  -1  -1  -1  .   .   -1  .   -1  .   .   -1  -1  -1  -1  -1  -1  -1  -1  -1  -1  -1  .   -1  .   .   -1  -1  -1  -1  -1  -1  -1  .   -1  -1  -1  -1  -1  -1  -1  -1  -1  -1  -1  -1  -1  -1  -1  63  -1  -1  -1  -1  -1  .   .   -1  -1  -1  -1  .   -1  .   -1  -1  .   -1  -1  -1  -1  .   -1  .   -1  -1  -1  -1  -1  -1  .   .   -1  -1  -1  -1  -1  .   -1  -1  -1  .   -1  -1  -1  -1  .   -1  -1  -1  -1  .   -1  -1  -1  -1  -1  .   -1  -1  -1  -1  -1  -1  -1
 -1  -1  -1  -1  -1  .   -1  .   -1  -1  -1  -1  -1  -1  -1  -1  -1  -1  -1  -1  -1  -1  -1  -1  -1  -1  .   .   -1  -1  -1  -1  -1  .   -1  .   -1  -1  -1  .   -1  -1  -1  -1  -1  -1  -1  -1  -1  -1  -1  -1  .   -1  .   -1  -1  -1  -1  -1  -1  -1  -1  -1  63  62  63  -1  -1  -1  -1  -1  -1  -1  -1  -1  -1  -1  -1  -1  -1  -1  .   -1  -1  -1  -1  -1  -1  -1  -1  -1  -1  -1  -1  -1  -1  .   -1  -1  -1  -1  -1  -1  .   -1  -1  -1  -1  -1  -1  -1  .   -1  .   .   -1  -1  -1  -1  -1  -1  -1  -1  -1  -1  -1  -1  -1  -1  -1
 -1  -1  -1  -1  -1  -1  -1  -1  -1  .   -1  -1  -1  .   -1  -1  -1  -1  -1  -1  -1  -1  -1  .   -1  .   .   -1  -1  -1  -1  -1  -1  .   -1  .   -1  -1  -1  .   -1  -1  .   -1  .   -1  .   -1  -1  -1  -1  -1  -1  .   -1  .   -1  -1  -1  -1  -1  -1  -1  63  62  61  62  63  -1  -1  -1  -1  -1  -1  .   .   -1  .   -1  -1  -1  .   -1  -1  -1  -1  -1  -1  -1  -1  -1  -1  -1  .   -1  -1  -1  -1  -1  -1  -1  -1  -1  -1  -1  -1  -1  -1  .   -1  -1  -1  -1  .   -1  -1  -1  -1  .   -1  -1  -1  -1  .   -1  -1  -1  -1  -1  -1  -1
 -1  -1  .   .   -1  -1  -1  -1  -1  -1  -1  .   -1  .   -1  -1  -1  .   -1  .   -1  .   -1  -1  -1  -1  -1  -1  .   -1  .   -1  -1  .   .   -1  .   .   -1  .   -1  -1  -1  -1  -1  -1  -1  -1  -1  .   -1  -1  .   -1  -1  -1  -1  -1  -1  -1  -1  -1  63  62  61  60  .   62  63  -1  -1  -1  -1  -1  -1  -1  -1  .   -1  -1  -1  .   .   -1  .   .   .   -1  -1  -1  -1  -1  -1  -1  -1  -1  -1  -1  -1  -1  -1  -1  -1  .   -1  .   -1  -1  -1  -1  -1  -1  -1  -1  -1  -1  -1  -1  -1  -1  -1  -1  -1  -1  -1  -1  -1  -1  -1  -1  -1
 -1  -1  -1  -1  -1  -1  -1  -1  -1  -1  -1  -1  -1  -1  .   .   -1  -1  -1  -1  -1  -1  .   -1  -1  -1  -1  -1  -1  -1  -1  -1  -1  -1  .   -1  .   -1  -1  -1  -1  .   -1  .   -1  -1  -1  -1  -1  -1  .   -1  -1  -1  .   .   -1  -1  -1  -1  -1  63  62  .   60  59  60  61  62  63  -1  -1  -1  -1  -1  -1  -1  .   -1  -1  -1  -1  -1  -1  -1  -1  .   -1  -1  -1  -1  .   -1  -1  -1  .   -1  -1  .   -1  .   -1  -1  -1  -1  -1  -1  -1  -1  -1  .   -1  -1  -1  -1  -1  .   -1  -1  -1  .   -1  -1  -1  .   -1  -1  .   -1  -1  -1
 -1  -1  -1  -1  -1  -1  .   .   -1  -1  .   -1  .   -1  .   .   .   -1  -1  .   -1  -1  -1  -1  -1  -1  -1  .   -1  -1  -1  -1  -1  -1  -1  -1  -1  -1  -1  -1  .   -1  -1  -1  .   -1  -1  -1  -1  -1  .   -1  .   -1  -1  -1  -1  -1  -1  -1  63  62  61  60  59  58  59  60  61  62  63  -1  -1  -1  -1  -1  -1  -1  -1  .   -1  .   .   -1  -1  -1  -1  .   .   -1  -1  -1  -1  .   -1  .   -1  -1  -1  -1  .   -1  .   -1  -1  -1  -1  -1  .   -1  .   -1  -1  -1  -1  .   -1  -1  -1  -1  -1  .   -1  -1  -1  -1  -1  -1  -1  -1  -1
 -1  -1  -1  -1  -1  -1  -1  -1  -1  .   -1  -1  -1  .   -1  .   -1  -1  .   -1  -1  -1  -1  -1  .   .   -1  -1  -1  -1  -1  .   -1  .   -1  -1  -1  -1  .   -1  -1  -1  -1  -1  -1  -1  -1  .   -1  -1  .   -1  -1  -1  -1  -1  -1  -1  -1  63  62  .   60  61  .   57  58  59  60  61  62  63  -1  -1  -1  -1  -1  -1  -1  -1  -1  -1  .   -1  -1  -1  -1  -1  -1  -1  -1  -1  -1  -1  -1  -1  -1  -1  -1  -1  -1  -1  .   -1  -1  -1  -1  -1  .   -1  -1  -1  -1  .   -1  -1  -1  -1  -1  -1  -1  -1  -1  -1  .   -1  -1  -1  -1  -1  -1
 -1  .   .   -1  -1  -1  -1  -1  -1  -1  -1  -1  -1  -1  -1  -1  -1  -1  -1  -1  -1  -1  -1  -1  -1  -1  -1  .   -1  -1  -1  -1  -1  -1  -1  -1  -1  .   -1  -1  -1  -1  .   -1  -1  -1  -1  -1  -1  -1  -1  -1  -1  -1  -1  -1  -1  -1  63  62  61  60  59  .   57  56  57  58  59  60  61  62  63  -1  -1  -1  -1  -1  -1  -1  .   -1  -1  -1  -1  .   -1  .   -1  -1  .   -1  -1  .   .   -1  .   -1  -1  .   -1  -1  -1  -1  -1  -1  .   -1  -1  .   -1  -1  -1  -1  -1  -1  -1  -1  -1  -1  -1  -1  -1  -1  .   -1  -1  -1  -1  -1  -1
 -1  -1  .   -1  .   -1  -1  -1  -1  -1  -1  -1  .   .   -1  -1  .   -1  -1  .   -1  -1  -1  -1  -1  -1  -1  -1  -1  -1  -1  -1  -1  -1  -1  -1  -1  .   -1  -1  -1  -1  -1  -1  -1  -1  -1  -1  -1  -1  -1  -1  -1  -1  -1  -1  -1  63  62  61  60  59  58  57  56  55  56  57  .   59  .   61  62  63  -1  -1  -1  -1  -1  -1  .   .   -1  -1  -1  -1  -1  -1  -1  -1  -1  -1  -1  -1  -1  -1  -1  .   -1  -1  .   -1  .   -1  -1  -1  -1  -1  .   -1  -1  -1  -1  -1  .   .   -1  -1  -1  -1  -1  -1  -1  -1  -1  .   .   -1  -1  -1  -1
 -1  -1  -1  -1  -1  -1  -1  .   -1  .   -1  -1  .   .   -1  .   .   .   -1  -1  -1  -1  .   -1  .   .   -1  -1  -1  .   -1  .   -1  -1  .   -1  .   -1  .   .   -1  -1  -1  -1  -1  -1  -1  -1  .   .   -1  -1  -1  -1  -1  -1  63  62  61  60  59  58  57  56  55  54  55  56  57  58  59  60  61  62  63  -1  -1  -1  -1  -1  -1  .   -1  -1  -1  -1  -1  -1  .   -1  -1  -1  -1  -1  -1  -1  -1  -1  -1  -1  -1  .   -1  -1  -1  -1  -1  .   -1  -1  -1  .   -1  .   .   -1  -1  -1  -1  .   -1  .   -1  -1  -1  -1  -1  .   -1  -1  -1
 -1  -1  -1  -1  -1  -1  -1  -1  -1  -1  -1  -1  -1  -1  -1  -1  -1  .   -1  -1  -1  -1  -1  -1  .   -1  -1  -1  -1  -1  -1  -1  -1  -1  -1  -1  -1  .   -1  -1  .   -1  -1  -1  -1  -1  -1  -1  -1  -1  -1  -1  -1  -1  -1  63  62  61  60  59  58  .   56  55  54  53  .   57  58  57  58  59  .   .   62  63  -1  -1  -1  -1  -1  .   -1  -1  -1  -1  -1  -1  -1  .   -1  -1  .   -1  -1  -1  -1  -1  -1  -1  -1  -1  -1  -1  -1  .   -1  .   -1  -1  -1  -1  .   -1  .   .   -1  .   -1  -1  -1  -1  -1  -1  -1  -1  -1  -1  -1  -1  -1
 -1  -1  .   -1  -1  -1  .   -1  -1  .   .   -1  -1  -1  -1  -1  .   -1  -1  -1  -1  -1  .   -1  -1  -1  -1  .   -1  -1  -1  .   -1  .   -1  -1  .   -1  -1  -1  -1  -1  -1  -1  -1  -1  -1  .   -1  -1  -1  -1  -1  -1  63  62  61  60  .   58  57  .   .   54  .   52  53  .   .   56  57  .   59  60  61  62  63  -1  -1  -1  -1  -1  -1  .   -1  -1  -1  -1  -1  -1  -1  .   -1  -1  -1  -1  -1  -1  .   .   -1  -1  -1  -1  .   -1  .   -1  -1  -1  -1  -1  -1  -1  -1  .   -1  -1  -1  -1  -1  -1  -1  -1  .   -1  -1  .   .   .   -1
 -1  .   -1  -1  -1  -1  -1  -1  .   -1  -1  -1  -1  -1  -1  -1  -1  -1  -1  -1  -1  -1  -1  -1  -1  .   -1  .   -1  .   -1  -1  -1  -1  -1  -1  -1  -1  -1  .   .   -1  -1  -1  -1  -1  .   -1  -1  -1  -1  -1  -1  63  62  61  60  59  .   .   56  55  54  53  .   51  52  53  .   55  56  57  58  59  .   61  62  63  -1  -1  -1  -1  -1  -1  -1  -1  -1  -1  -1  -1  .   .   .   -1  -1  .   -1  -1  -1  -1  .   .   -1  -1  -1  -1  -1  -1  .   -1  -1  .   -1  -1  -1  -1  .   .   -1  -1  -1  -1  -1  -1  -1  .   -1  .   -1  -1  -1
 -1  -1  .   -1  -1  -1  -1  -1  .   -1  -1  -1  -1  -1  -1  -1  -1  .   -1  -1  -1  -1  .   -1  -1  -1  -1  .   -1  .   .   .   -1  -1  .   -1  .   -1  -1  -1  -1  -1  -1  -1  -1  .   -1  -1  -1  -1  -1  -1  63  62  61  60  59  58  57  56  55  54  53  52  51  50  .   54  53  54  55  56  .   .   59  60  61  62  63  -1  -1  -1  -1  -1  .   -1  -1  -1  -1  -1  -1  -1  -1  -1  -1  -1  -1  -1  .   -1  .   -1  -1  -1  -1  -1  .   -1  -1  -1  -1  -1  -1  -1  -1  -1  -1  -1  .   -1  -1  -1  -1  -1  -1  -1  -1  -1  -1  -1  -1
 -1  .   -1  .   .   -1  -1  -1  -1  -1  -1  -1  -1  -1  -1  -1  -1  -1  -1  -1  .   -1  -1  -1  -1  -1  .   -1  -1  -1  -1  .   -1  -1  -1  -1  .   -1  -1  -1  -1  -1  -1  -1  .   -1  -1  -1  -1  -1  -1  63  62  61  60  59  58  57  56  55  54  53  52  .   50  49  50  .   52  53  54  55  56  57  58  .   .   61  62  63  -1  -1  -1  -1  -1  -1  .   -1  -1  -1  -1  -1  -1  -1  -1  -1  -1  -1  -1  -1  -1  -1  -1  -1  -1  -1  -1  -1  -1  -1  .   -1  -1  -1  .   -1  -1  -1  -1  -1  -1  -1  -1  -1  .   -1  -1  -1  .   -1  -1
 -1  .   -1  -1  -1  -1  -1  -1  -1  -1  -1  .   -1  -1  -1  -1  -1  -1  -1  -1  -1  .   .   .   -1  -1  -1  -1  -1  .   -1  .   .   -1  -1  -1  -1  -1  -1  .   -1  -1  -1  -1  -1  -1  -1  -1  -1  -1  63  62  61  60  59  58  57  56  55  .   53  52  51  50  .   48  49  50  51  52  .   .   57  .   .   .   59  60  61  62  63  -1  -1  -1  -1  -1  -1  -1  -1  -1  -1  -1  .   -1  -1  -1  -1  -1  -1  -1  -1  -1  -1  -1  -1  -1  -1  .   -1  -1  -1  -1  -1  -1  -1  .   -1  -1  .   -1  .   -1  -1  -1  -1  -1  -1  -1  -1  -1  -1
 -1  -1  -1  -1  -1  -1  -1  -1  -1  .   -1  -1  -1  .   -1  -1  -1  -1  -1  -1  .   -1  -1  .   .   .   -1  -1  -1  -1  -1  .   .   -1  -1  -1  -1  -1  -1  -1  -1  .   -1  -1  -1  -1  -1  -1  -1  63  62  61  60  .   58  57  56  55  54  53  52  .   50  49  48  47  .   49  50  51  52  53  .   .   56  57  58  59  60  61  62  63  -1  -1  -1  -1  -1  -1  -1  -1  -1  .   .   -1  -1  -1  -1  -1  .   -1  .   -1  -1  -1  -1  .   -1  -1  -1  -1  .   .   -1  .   -1  -1  .   -1  -1  -1  -1  .   -1  -1  -1  -1  -1  -1  -1  -1  -1
 -1  .   -1  -1  -1  -1  -1  -1  -1  -1  -1  -1  -1  -1  -1  -1  -1  -1  -1  .   -1  -1  -1  -1  .   -1  -1  -1  -1  -1  -1  .   -1  -1  -1  -1  -1  -1  -1  -1  -1  -1  -1  -1  -1  -1  -1  -1  63  62  61  60  59  58  57  56  55  54  53  52  51  50  49  .   47  46  47  48  49  .   51  52  53  54  55  56  57  58  59  60  61  62  63  -1  -1  -1  -1  -1  -1  -1  -1  -1  -1  -1  -1  .   -1  -1  -1  .   -1  -1  -1  -1  -1  -1  -1  -1  .   -1  -1  -1  -1  .   -1  -1  -1  -1  -1  -1  -1  -1  -1  -1  -1  -1  -1  -1  -1  -1  -1
 -1  -1  -1  .   -1  -1  -1  -1  -1  -1  -1  -1  .   -1  -1  -1  -1  -1  -1  -1  -1  -1  -1  -1  -1  -1  -1  -1  .   .   -1  .   -1  -1  .   -1  -1  -1  -1  -1  -1  -1  -1  -1  -1  -1  -1  63  62  .   60  59  58  57  58  .   54  53  52  .   50  .   48  47  46  45  .   47  48  49  50  51  .   53  54  55  56  57  58  59  60  61  62  63  -1  -1  -1  -1  -1  -1  -1  .   -1  -1  -1  -1  .   -1  -1  -1  -1  -1  .   .   .   .   -1  -1  -1  .   -1  -1  -1  -1  -1  -1  -1  -1  .   .   -1  -1  -1  -1  -1  -1  -1  -1  -1  -1  -1
 -1  -1  -1  -1  -1  -1  -1  -1  -1  -1  -1  -1  -1  -1  -1  -1  -1  -1  -1  -1  -1  .   -1  -1  -1  .   -1  -1  -1  .   -1  -1  -1  -1  -1  -1  -1  .   -1  -1  -1  -1  -1  -1  -1  -1  63  62  61  60  59  58  57  56  57  .   53  .   51  50  49  .   .   48  .   44  45  46  47  .   49  50  51  52  53  .   55  56  57  .   .   60  61  62  63  -1  -1  -1  -1  -1  -1  -1  -1  -1  -1  -1  -1  -1  .   -1  -1  -1  -1  .   .   .   -1  .   -1  -1  -1  -1  .   -1  -1  -1  .   -1  -1  -1  -1  -1  -1  -1  -1  .   -1  -1  -1  -1  -1
 -1  -1  -1  -1  -1  -1  -1  -1  -1  -1  .   -1  -1  -1  -1  -1  -1  -1  -1  -1  .   -1  -1  -1  -1  -1  -1  -1  -1  -1  .   -1  -1  .   -1  -1  -1  -1  -1  -1  -1  -1  -1  -1  -1  63  62  61  60  59  58  57  56  55  .   .   52  51  50  49  48  47  46  .   44  43  .   45  46  47  48  49  50  .   54  53  54  55  56  57  58  59  60  61  62  63  -1  -1  -1  -1  -1  .   -1  -1  -1  .   -1  -1  -1  -1  -1  -1  -1  -1  -1  -1  -1  -1  -1  -1  .   -1  .   -1  -1  .   -1  -1  -1  -1  .   -1  -1  -1  -1  -1  -1  -1  -1  -1  -1
 -1  .   -1  .   -1  -1  .   .   -1  -1  -1  -1  -1  -1  -1  -1  -1  .   -1  -1  -1  -1  -1  .   .   -1  -1  .   -1  -1  -1  .   -1  -1  -1  -1  -1  -1  -1  -1  -1  -1  -1  -1  63  62  61  60  .   .   57  56  55  54  .   52  51  50  49  48  47  .   45  44  43  42  43  44  45  46  47  .   49  50  .   52  .   54  .   56  57  58  59  60  61  62  63  -1  -1  -1  -1  -1  -1  -1  .   -1  -1  -1  -1  -1  -1  -1  .   -1  -1  -1  -1  -1  -1  -1  -1  -1  -1  -1  -1  -1  -1  -1  -1  -1  -1  -1  -1  -1  .   -1  .   -1  -1  -1  -1
 -1  -1  -1  -1  .   -1  .   -1  -1  -1  .   -1  .   -1  -1  -1  -1  -1  -1  -1  -1  .   -1  -1  -1  -1  -1  -1  -1  .   -1  .   -1  -1  -1  .   -1  -1  -1  -1  -1  -1  -1  63  62  61  60  59  58  57  56  .   .   53  52  51  50  49  48  47  46  45  44  43  42  41  42  .   44  45  46  47  48  49  50  51  52  53  54  55  .   .   58  59  60  61  62  63  -1  -1  -1  -1  -1  -1  -1  -1  -1  -1  -1  .   -1  -1  -1  -1  .   -1  -1  -1  -1  .   -1  .   .   -1  -1  -1  -1  -1  .   -1  .   -1  -1  -1  -1  -1  -1  -1  -1  .   -1
 -1  -1  .   -1  -1  -1  -1  -1  .   -1  -1  -1  -1  -1  -1  .   -1  -1  -1  -1  -1  -1  -1  -1  .   -1  -1  -1  -1  -1  -1  -1  -1  .   -1  -1  -1  -1  -1  -1  -1  -1  63  62  63  .   59  58  57  56  55  54  53  52  51  50  49  48  47  46  45  44  43  42  41  40  .   42  43  .   45  46  47  48  49  50  51  52  .   54  55  56  57  58  59  60  61  62  63  -1  -1  -1  -1  -1  -1  -1  -1  -1  -1  -1  .   -1  .   -1  .   -1  -1  -1  -1  -1  -1  -1  -1  -1  -1  -1  -1  -1  -1  -1  -1  -1  .   .   -1  -1  -1  -1  -1  .   -1
 -1  -1  -1  .   -1  -1  .   .   -1  -1  -1  -1  -1  -1  -1  -1  .   -1  -1  -1  -1  -1  .   -1  -1  -1  -1  -1  -1  -1  -1  -1  -1  -1  .   -1  -1  -1  -1  -1  -1  63  62  61  .   59  58  .   56  .   54  53  52  51  50  49  48  47  46  45  44  43  .   .   40  39  40  41  42  .   44  .   46  47  48  49  50  51  52  53  54  55  56  57  58  59  .   61  62  63  -1  -1  -1  -1  -1  .   -1  -1  -1  -1  -1  -1  -1  -1  .   -1  -1  .   -1  -1  -1  -1  -1  .   -1  -1  -1  -1  -1  -1  -1  -1  -1  -1  -1  -1  -1  -1  -1  -1  -1
 -1  -1  -1  -1  -1  -1  .   -1  -1  -1  -1  -1  -1  .   -1  -1  -1  -1  .   -1  -1  -1  -1  .   -1  -1  -1  -1  .   -1  -1  -1  -1  -1  -1  -1  -1  -1  -1  -1  63  62  61  60  59  58  57  56  55  54  53  52  51  .   49  48  47  46  45  44  .   42  41  .   .   38  39  40  .   .   43  44  45  46  .   48  49  50  51  52  53  54  55  .   .   58  59  60  61  62  63  -1  -1  -1  -1  -1  -1  -1  -1  -1  -1  -1  -1  -1  -1  -1  -1  -1  -1  -1  -1  -1  .   -1  -1  -1  .   -1  -1  -1  .   -1  -1  -1  .   -1  -1  -1  -1  -1  -1
 -1  .   -1  -1  -1  -1  -1  -1  -1  -1  .   -1  -1  .   -1  -1  -1  .   -1  -1  -1  .   -1  -1  -1  .   .   -1  -1  -1  .   .   -1  -1  -1  -1  -1  -1  -1  63  62  61  60  .   .   .   56  55  54  53  52  51  50  .   48  47  46  45  44  43  42  41  40  .   38  37  38  39  .   41  42  43  44  45  .   47  .   49  50  .   52  53  54  55  56  57  58  59  60  .   62  63  -1  -1  -1  -1  -1  -1  .   -1  -1  -1  .   -1  -1  -1  .   -1  .   -1  -1  -1  -1  -1  -1  -1  -1  .   -1  -1  -1  -1  -1  -1  -1  -1  -1  -1  -1  -1  -1
 -1  -1  -1  .   -1  -1  -1  -1  -1  -1  -1  -1  -1  -1  -1  -1  -1  -1  -1  .   -1  -1  -1  .   -1  -1  -1  -1  -1  -1  -1  -1  -1  -1  -1  -1  -1  -1  63  62  .   60  59  58  57  .   55  .   .   52  51  50  49  48  47  46  45  44  43  .   41  40  39  38  37  36  37  .   41  40  41  .   43  44  .   46  47  48  49  50  51  .   53  54  55  56  .   .   59  60  61  62  63  -1  -1  -1  -1  -1  -1  -1  -1  -1  -1  -1  -1  -1  -1  -1  -1  -1  -1  .   -1  .   -1  -1  .   .   -1  -1  -1  -1  -1  -1  -1  .   -1  -1  -1  .   -1
 -1  .   -1  -1  -1  -1  .   -1  -1  -1  -1  -1  .   -1  -1  -1  -1  -1  -1  -1  .   .   .   -1  -1  .   .   -1  -1  -1  -1  -1  -1  -1  -1  -1  -1  63  62  61  60  59  .   .   56  55  54  53  .   51  50  .   48  47  46  45  44  43  42  41  40  39  38  37  36  35  .   .   .   39  40  .   42  43  .   45  46  47  48  49  .   51  52  53  54  .   56  57  58  59  60  61  62  63  -1  -1  -1  -1  -1  -1  -1  -1  -1  -1  -1  -1  -1  .   -1  -1  .   -1  -1  -1  -1  .   .   .   -1  .   -1  -1  -1  .   .   -1  -1  -1  -1  .   -1
 -1  -1  -1  .   -1  -1  -1  -1  -1  -1  -1  -1  .   -1  -1  -1  .   -1  -1  -1  -1  -1  -1  -1  -1  -1  -1  -1  -1  -1  -1  -1  -1  -1  -1  -1  63  62  61  60  .   58  57  56  55  54  53  52  51  50  49  .   47  46  45  44  43  .   .   .   39  38  .   .   .   34  35  36  37  38  39  40  41  42  43  44  45  46  .   .   49  50  51  52  53  54  55  56  57  .   59  60  61  62  63  -1  -1  -1  -1  -1  -1  .   -1  .   -1  -1  .   -1  -1  .   -1  -1  .   .   -1  -1  -1  -1  -1  -1  -1  .   -1  -1  -1  -1  .   -1  -1  -1  -1
 -1  -1  .   -1  -1  -1  -1  .   .   -1  -1  -1  -1  -1  -1  .   -1  -1  -1  -1  -1  -1  -1  -1  .   .   .   -1  -1  -1  -1  -1  -1  -1  -1  63  62  61  60  59  58  57  56  55  .   53  52  51  50  49  48  47  46  45  44  43  42  41  40  39  .   37  36  35  34  33  34  35  36  37  38  39  .   41  42  43  44  45  46  47  48  49  50  51  52  53  54  55  56  57  58  59  60  61  62  63  -1  -1  -1  -1  -1  -1  -1  -1  -1  -1  -1  -1  -1  -1  -1  -1  -1  -1  -1  -1  .   -1  -1  -1  -1  -1  -1  -1  -1  -1  .   -1  -1  -1  -1
 -1  -1  -1  -1  -1  -1  .   .   -1  -1  -1  -1  .   -1  .   -1  .   -1  -1  -1  -1  -1  -1  -1  -1  -1  -1  -1  -1  -1  -1  -1  -1  -1  63  62  61  60  .   58  57  56  55  54  53  52  51  50  49  48  47  .   45  44  43  .   .   .   39  38  37  36  35  34  33  32  33  .   37  36  37  38  .   40  41  42  43  44  45  .   47  48  49  50  .   .   .   54  55  56  57  58  59  60  61  62  63  -1  -1  -1  -1  -1  -1  -1  -1  .   -1  -1  -1  -1  -1  .   -1  -1  -1  -1  -1  -1  -1  -1  -1  -1  -1  -1  -1  -1  -1  -1  -1  -1  -1
 -1  -1  -1  .   -1  -1  -1  -1  -1  -1  -1  -1  -1  -1  -1  -1  -1  -1  -1  -1  -1  .   -1  .   -1  -1  -1  -1  -1  -1  -1  -1  -1  63  62  61  60  59  .   57  .   55  .   53  52  51  50  49  48  47  46  45  .   43  42  41  40  39  38  37  38  .   34  33  32  31  32  .   .   35  36  37  38  39  40  .   42  43  .   45  46  47  48  49  50  .   52  53  54  55  56  57  58  59  60  .   62  63  -1  -1  -1  -1  -1  -1  -1  -1  -1  -1  -1  -1  .   .   .   .   .   -1  -1  -1  -1  -1  -1  -1  -1  -1  -1  -1  -1  .   .   .   -1
 -1  -1  -1  -1  -1  -1  -1  -1  -1  -1  -1  -1  -1  -1  -1  -1  -1  .   -1  -1  -1  .   -1  -1  -1  -1  -1  -1  -1  -1  -1  -1  63  62  61  60  59  58  57  56  55  54  53  52  .   50  49  48  .   46  45  44  43  42  41  40  39  38  37  36  37  .   33  32  31  30  31  .   .   34  .   36  37  38  39  .   41  42  .   44  45  46  47  .   49  50  51  .   53  .   .   58  57  58  59  60  61  62  63  -1  -1  -1  -1  -1  -1  -1  -1  -1  .   .   -1  -1  -1  -1  -1  -1  -1  -1  -1  -1  -1  -1  -1  -1  -1  -1  -1  .   -1  -1  -1
 -1  -1  -1  -1  -1  -1  -1  -1  .   -1  -1  -1  -1  -1  -1  -1  -1  -1  -1  -1  -1  -1  -1  -1  -1  -1  -1  -1  -1  -1  -1  63  62  61  60  59  58  57  56  55  54  53  52  51  50  49  .   47  .   45  .   43  42  41  40  39  38  37  36  35  .   33  32  .   30  29  30  .   32  33  34  35  36  37  38  39  40  41  42  43  44  45  46  .   48  49  50  51  52  53  54  .   56  57  58  59  60  .   62  63  -1  -1  -1  -1  -1  -1  -1  -1  -1  -1  .   -1  -1  -1  -1  -1  -1  -1  -1  -1  -1  -1  .   -1  -1  -1  -1  -1  -1  -1  -1
 -1  -1  -1  -1  -1  -1  -1  .   -1  .   -1  -1  -1  -1  .   -1  -1  -1  -1  -1  -1  -1  -1  .   -1  -1  -1  -1  -1  -1  63  62  61  60  59  58  57  56  55  .   .   .   51  50  49  48  47  46  45  44  43  42  41  40  .   38  37  36  35  34  33  32  31  .   29  28  29  30  31  32  33  34  .   38  39  38  39  .   41  42  .   44  45  46  47  48  49  50  51  52  53  54  55  56  57  58  59  60  61  62  63  -1  -1  -1  -1  -1  -1  .   -1  -1  -1  -1  -1  .   -1  -1  .   -1  -1  -1  .   -1  -1  -1  -1  .   -1  -1  -1  -1  -1
 -1  -1  .   -1  -1  -1  .   -1  -1  -1  -1  -1  -1  -1  -1  -1  -1  -1  .   -1  -1  -1  -1  -1  -1  -1  -1  -1  -1  63  62  61  .   59  58  57  56  55  54  53  52  51  50  49  .   .   .   45  44  43  42  41  .   39  38  .   36  35  34  33  32  31  30  29  28  27  28  .   .   33  34  33  .   39  38  37  38  39  40  41  42  43  44  45  .   47  48  49  .   51  52  53  54  55  56  57  .   59  60  61  62  63  -1  -1  -1  -1  -1  .   -1  -1  -1  -1  -1  -1  .   .   -1  -1  .   .   .   -1  -1  -1  -1  -1  -1  .   -1  -1  -1
 -1  .   -1  -1  -1  -1  -1  -1  -1  -1  -1  -1  .   -1  .   -1  -1  -1  .   .   -1  -1  -1  -1  -1  -1  -1  -1  63  62  61  60  .   58  .   .   55  54  53  .   51  50  49  48  47  46  47  .   45  .   41  40  39  38  37  36  35  34  33  32  31  30  29  .   27  26  27  .   29  .   33  32  33  .   .   36  37  38  39  40  41  42  43  44  45  46  47  48  .   50  51  52  53  .   55  56  57  58  .   60  61  62  63  -1  -1  -1  -1  -1  .   -1  .   -1  -1  -1  .   -1  -1  -1  .   -1  -1  -1  -1  -1  -1  -1  .   -1  .   .   -1
 -1  -1  -1  -1  -1  -1  -1  -1  -1  -1  -1  -1  .   -1  .   -1  -1  -1  -1  -1  -1  -1  -1  -1  -1  -1  -1  63  62  61  60  59  58  57  .   55  54  53  52  51  50  .   48  47  46  45  .   43  44  .   .   39  38  37  36  .   34  .   32  .   32  .   28  .   26  25  26  27  28  29  .   31  32  33  34  35  36  37  38  39  40  .   44  43  44  45  46  47  .   49  .   51  52  53  54  55  56  57  58  59  60  61  62  63  -1  -1  -1  -1  -1  -1  -1  -1  -1  -1  -1  -1  -1  -1  -1  -1  -1  .   -1  -1  -1  -1  -1  .   -1  -1  -1
 -1  -1  .   -1  -1  .   -1  -1  -1  -1  -1  -1  -1  -1  -1  .   -1  -1  -1  .   .   -1  -1  -1  -1  -1  63  62  61  .   59  .   57  56  55  54  53  52  51  50  49  .   49  48  .   44  43  42  .   40  39  38  37  36  35  34  33  32  31  30  .   28  27  26  25  24  25  26  27  28  29  30  31  32  .   36  .   36  37  38  39  40  .   42  43  44  45  46  .   48  49  50  51  .   .   56  55  56  57  58  .   .   61  62  63  -1  -1  -1  -1  -1  -1  -1  -1  -1  -1  -1  -1  -1  -1  -1  -1  -1  -1  -1  -1  -1  -1  -1  -1  -1  -1
 -1  -1  -1  -1  -1  .   -1  -1  -1  -1  -1  -1  -1  -1  .   -1  -1  -1  -1  -1  -1  -1  -1  -1  -1  63  62  61  60  59  58  59  .   55  .   53  52  51  50  49  48  49  .   .   46  45  .   41  40  39  38  37  36  35  34  .   32  31  30  29  28  27  28  .   24  23  24  25  26  27  .   .   32  33  34  35  36  35  36  37  .   39  40  41  42  43  44  .   48  47  48  49  50  51  .   .   54  55  56  57  58  59  60  61  62  63  -1  -1  -1  -1  -1  .   .   -1  -1  -1  -1  -1  -1  -1  -1  -1  -1  -1  .   -1  -1  -1  .   -1  -1
 -1  .   -1  -1  -1  -1  -1  -1  -1  -1  -1  -1  -1  -1  -1  -1  -1  -1  -1  -1  -1  -1  -1  -1  63  62  61  60  .   58  57  .   .   54  53  .   51  50  49  48  47  .   45  44  45  .   41  40  39  .   37  36  35  34  33  32  31  30  .   28  27  26  .   .   23  22  .   24  25  26  27  28  .   .   35  .   .   34  35  36  37  38  39  40  41  .   43  44  .   46  47  48  49  50  51  52  53  .   55  56  57  .   59  60  61  62  63  -1  -1  -1  -1  -1  -1  .   -1  -1  -1  -1  -1  -1  -1  -1  -1  -1  -1  -1  -1  -1  -1  -1  -1
 -1  -1  .   -1  .   -1  -1  -1  -1  -1  -1  .   -1  -1  -1  .   .   -1  -1  -1  -1  -1  -1  63  62  61  .   59  58  57  56  55  54  .   52  51  50  49  48  47  46  45  44  43  .   41  40  39  38  37  36  35  34  33  32  31  30  29  .   27  26  25  .   23  22  21  22  23  24  25  26  27  28  .   36  .   32  33  34  35  36  37  38  .   42  41  42  43  44  45  46  47  .   51  52  51  .   53  54  .   56  57  58  59  60  61  62  63  -1  -1  -1  -1  -1  -1  -1  -1  .   .   -1  -1  -1  -1  -1  -1  -1  -1  -1  -1  -1  -1  -1
 -1  -1  .   -1  -1  -1  -1  -1  .   -1  .   -1  -1  .   -1  -1  -1  -1  -1  -1  -1  -1  63  62  61  60  .   58  57  56  55  54  53  52  51  50  49  48  47  46  45  44  43  42  41  40  39  38  37  36  .   34  .   32  31  30  .   28  27  28  .   24  23  22  21  20  21  22  .   26  25  26  27  28  .   30  31  32  33  34  .   36  37  .   41  40  41  42  43  44  45  .   .   52  51  50  .   52  53  54  55  56  57  58  59  60  61  62  63  -1  -1  -1  -1  -1  -1  .   -1  -1  -1  -1  -1  -1  -1  -1  -1  -1  -1  -1  -1  .   -1
 -1  -1  -1  -1  -1  -1  -1  .   -1  .   .   -1  -1  .   -1  -1  -1  -1  -1  -1  -1  63  62  61  60  59  58  .   56  55  54  .   .   51  50  49  .   47  46  .   44  43  .   .   40  39  38  37  36  35  34  33  32  31  30  29  .   27  26  .   24  .   .   21  20  19  20  21  22  .   24  25  26  27  28  29  .   31  32  .   34  35  .   37  .   39  .   41  42  43  44  45  46  .   50  49  50  51  52  53  .   55  56  .   58  59  60  61  62  63  -1  -1  -1  -1  -1  .   -1  -1  -1  -1  -1  -1  -1  -1  -1  .   -1  -1  -1  -1  -1
 -1  -1  -1  -1  -1  -1  -1  -1  -1  -1  .   .   -1  -1  -1  -1  -1  -1  -1  -1  63  62  61  60  59  58  57  56  55  54  53  .   51  50  49  48  47  46  45  44  43  42  41  40  39  38  37  38  .   .   33  32  31  30  .   28  27  26  25  24  23  22  21  20  19  18  .   20  21  22  23  24  25  26  27  28  29  30  31  32  33  34  35  36  37  38  39  40  .   44  43  44  45  46  .   48  49  50  51  52  53  54  55  56  57  58  59  60  61  62  63  -1  -1  -1  -1  -1  -1  -1  -1  -1  -1  -1  -1  -1  -1  -1  -1  .   -1  -1  -1
 -1  -1  -1  .   -1  .   -1  -1  -1  -1  -1  -1  -1  .   -1  -1  -1  -1  -1  63  62  61  60  59  58  .   56  55  54  .   52  51  50  51  .   47  48  .   44  .   42  41  40  .   38  37  36  37  38  .   32  31  .   29  28  27  26  25  24  25  24  .   20  19  18  17  18  19  .   21  22  23  24  25  26  .   28  .   30  .   32  33  34  35  36  37  38  39  40  .   42  43  44  45  46  47  48  .   50  51  52  53  .   .   .   57  .   59  60  61  62  63  -1  -1  -1  -1  -1  -1  .   -1  -1  -1  -1  -1  -1  -1  -1  -1  -1  -1  -1
 -1  .   -1  -1  .   -1  -1  -1  -1  -1  -1  -1  .   -1  -1  -1  -1  -1  63  62  61  60  59  58  57  56  55  .   53  52  51  50  49  .   47  46  .   44  43  42  41  40  39  38  39  .   35  36  37  .   31  30  29  28  27  26  .   24  23  24  23  22  21  .   17  16  17  18  19  20  21  22  .   24  25  26  27  28  29  30  31  32  33  34  35  36  37  38  39  40  41  42  43  44  45  46  47  48  49  .   .   54  55  56  55  56  57  58  59  .   61  62  63  -1  -1  -1  -1  -1  -1  -1  -1  -1  -1  -1  -1  -1  -1  -1  -1  -1  -1
 -1  -1  -1  -1  -1  -1  .   -1  .   -1  .   -1  -1  -1  -1  -1  -1  63  62  61  60  59  58  .   56  55  54  53  52  .   50  49  48  47  46  45  44  43  42  41  .   39  38  37  .   35  34  35  .   31  30  29  28  .   26  25  24  .   22  .   .   21  22  .   16  15  16  .   18  19  20  .   22  23  24  25  26  27  .   29  30  31  32  33  34  35  36  .   38  .   42  .   42  .   44  45  46  47  48  .   .   55  56  55  54  55  56  57  .   .   60  61  62  63  -1  -1  -1  -1  -1  -1  -1  -1  -1  -1  -1  -1  -1  -1  -1  .   -1
 -1  -1  -1  -1  -1  -1  -1  .   -1  -1  -1  -1  -1  -1  -1  -1  63  62  61  60  59  58  57  .   55  54  53  .   51  50  49  48  47  46  45  44  43  42  41  40  39  38  37  36  35  34  33  .   31  30  29  28  27  .   25  24  23  22  21  20  19  20  21  22  .   14  15  16  17  18  .   .   21  22  23  24  25  26  27  28  29  30  31  32  33  34  35  36  37  .   43  .   41  42  43  44  45  46  47  48  49  .   .   54  53  .   .   .   57  58  59  60  61  62  63  -1  -1  -1  -1  -1  -1  -1  -1  -1  -1  -1  -1  -1  -1  -1  -1
 -1  .   -1  .   -1  -1  -1  -1  -1  -1  -1  -1  -1  -1  -1  63  62  61  .   .   58  57  56  .   54  53  52  .   50  49  48  47  46  .   44  43  42  41  40  39  38  37  36  .   34  33  32  31  30  29  28  27  26  25  24  .   22  21  20  19  18  .   .   .   14  13  14  15  .   17  18  19  20  21  22  23  24  25  26  27  .   29  .   31  32  33  34  35  36  37  .   .   40  41  .   .   44  45  46  47  48  49  50  .   52  .   54  55  56  57  58  59  60  61  62  63  -1  -1  -1  -1  -1  -1  -1  -1  -1  -1  -1  -1  -1  -1  -1
 -1  -1  -1  .   -1  -1  .   -1  -1  -1  -1  -1  -1  -1  63  62  .   60  59  .   57  56  55  .   53  52  51  50  49  48  47  46  45  44  43  42  41  40  .   .   37  .   35  34  33  34  33  32  .   28  27  26  25  24  23  22  21  20  19  .   17  16  15  14  13  12  13  .   17  16  17  .   21  20  21  22  .   24  25  .   27  28  29  30  31  32  33  34  35  36  37  38  39  40  41  42  43  44  45  46  47  48  49  .   51  .   53  54  55  56  57  58  59  .   63  62  63  -1  -1  -1  -1  -1  -1  -1  -1  -1  -1  .   -1  -1  -1
 -1  -1  -1  .   -1  -1  -1  .   -1  -1  -1  -1  -1  63  62  61  60  59  58  57  56  .   54  53  52  51  50  49  .   47  46  45  44  45  .   41  40  39  38  37  36  35  34  33  32  33  34  .   28  27  .   .   24  23  22  21  20  19  18  17  16  15  14  13  .   11  12  13  .   15  .   -1  .   19  .   .   24  23  24  25  26  27  28  .   30  31  32  33  .   .   38  37  38  39  40  41  42  43  .   47  48  47  48  49  50  51  52  .   .   55  56  .   58  59  .   61  62  63  -1  -1  -1  -1  -1  -1  .   -1  -1  -1  -1  -1  -1
 -1  -1  -1  -1  -1  -1  -1  -1  -1  -1  -1  -1  63  62  61  60  .   58  57  .   55  54  53  52  51  50  49  48  47  46  45  44  43  .   41  40  39  40  39  38  .   .   33  .   31  .   .   28  27  26  .   24  23  22  .   20  19  18  17  .   15  14  13  12  11  10  11  12  13  14  15  .   17  18  19  .   23  22  23  24  25  .   27  28  29  30  31  .   37  36  .   36  .   40  .   40  41  42  43  .   .   46  47  48  .   52  53  54  53  54  55  56  57  58  59  60  61  62  63  -1  -1  -1  -1  -1  .   .   -1  -1  .   -1  -1
 -1  -1  -1  -1  -1  -1  -1  -1  -1  -1  -1  63  62  61  60  59  58  57  56  55  54  53  52  .   52  51  .   47  46  45  44  43  42  41  .   .   38  39  40  39  .   33  32  .   30  .   28  27  26  25  24  23  22  21  .   19  18  17  16  15  14  13  12  .   10   9  .   11  12  .   .   .   16  17  18  19  .   21  22  23  24  25  26  27  28  29  30  .   36  35  .   35  36  .   40  39  40  41  42  43  44  45  .   .   54  53  .   53  52  53  54  55  56  57  58  59  60  61  62  63  -1  -1  -1  -1  -1  -1  .   -1  -1  -1  -1
 -1  -1  .   -1  -1  -1  -1  -1  -1  -1  63  62  61  60  .   58  57  56  55  54  53  .   51  .   .   .   .   46  45  44  43  42  41  40  39  38  37  .   41  .   33  32  31  30  29  28  27  .   25  24  23  22  21  20  19  18  .   16  15  14  13  12  11  10   9   8   9  10  11  12  .   14  15  16  17  18  19  20  21  .   23  24  25  .   27  28  29  .   35  34  33  34  35  36  .   38  39  40  41  .   43  44  45  .   55  54  55  .   51  52  53  54  55  56  57  58  59  60  61  62  63  -1  -1  -1  -1  -1  -1  -1  -1  -1  -1
 -1  -1  .   -1  -1  -1  -1  -1  -1  63  62  .   60  59  58  57  56  55  54  53  52  51  50  49  48  47  46  45  44  .   42  .   .   41  .   37  36  35  .   33  32  31  32  .   28  27  26  25  26  .   22  21  20  19  .   17  16  15  .   13  12  11  10   9   8   7   8  .   10  11  12  13  14  .   16  .   .   19  20  21  22  23  24  25  26  27  .   -1  .   33  32  33  34  35  36  37  38  .   42  43  42  43  44  45  .   55  .   .   50  .   52  53  54  55  .   59  .   .   60  .   62  63  -1  -1  -1  -1  -1  -1  .   -1  -1
 -1  -1  -1  -1  -1  -1  -1  -1  63  62  61  60  59  58  59  58  .   54  .   52  51  50  49  48  47  46  45  44  43  42  41  40  41  .   37  36  35  34  33  32  31  30  .   28  .   .   .   24  .   22  .   20  19  18  17  16  15  14  13  12  11  10   9   8   7   6   7   8   9  10  11  12  13  14  15  16  17  18  19  20  21  22  23  24  25  .   27  .   .   32  31  32  33  34  .   36  .   38  .   .   41  .   43  44  45  .   47  48  49  .   51  .   53  54  55  .   .   58  59  60  61  62  63  -1  -1  -1  -1  -1  -1  -1  -1
 -1  -1  -1  -1  -1  -1  -1  63  62  61  60  59  58  57  58  .   54  53  52  51  50  .   48  47  46  45  44  43  42  41  40  39  40  .   .   .   34  33  32  31  .   29  .   27  26  25  .   23  22  21  20  .   .   17  16  15  14  13  12  .   10   9  .    7   6   5   6   7  .    9  10  11  12  13  14  15  16  17  18  19  20  21  22  23  24  25  26  27  28  .   30  31  .   33  34  35  36  37  38  39  40  41  42  .   44  45  46  47  .   49  50  51  52  53  54  55  56  57  .   61  60  61  62  63  -1  -1  -1  -1  -1  -1  -1
 -1  -1  -1  -1  -1  -1  63  62  61  60  59  58  57  56  .   .   53  52  53  .   49  48  47  46  .   44  .   42  .   .   39  38  39  .   35  34  33  32  .   30  29  28  27  26  25  24  23  .   .   .   19  18  17  16  15  .   13  .   11  10  .    8   7  .    5   4   5   6   7   8   9  10  11  12  .   14  15  16  17  18  19  20  21  22  .   .   25  26  27  .   29  30  31  32  33  34  .   38  .   38  39  40  .   42  43  44  .   48  .   48  49  50  .   52  53  .   55  56  57  .   59  60  .   62  63  -1  -1  -1  -1  -1  -1
 -1  -1  -1  -1  -1  63  62  61  60  59  .   57  56  55  54  53  52  51  .   49  48  47  46  45  44  43  42  41  40  39  38  37  .   35  34  33  32  31  30  29  28  27  26  25  24  23  22  21  20  19  .   17  16  15  14  13  12  11  10   9   8   7   6   5   4   3  .    5   6   7   8   9  .   .   12  13  14  15  16  17  .   .   20  21  22  23  24  25  26  27  28  29  30  .   32  33  .   .   36  37  .   39  40  41  42  43  44  .   46  47  48  49  50  51  .   55  54  .   56  .   58  59  60  61  62  63  -1  -1  -1  -1  -1
 -1  -1  -1  -1  63  62  61  60  .   58  57  56  .   54  53  52  51  50  49  48  47  .   45  44  43  42  41  40  39  38  37  36  35  34  33  32  .   30  29  28  27  26  25  24  23  22  21  20  19  18  17  16  .   14  .   12  11  .    9   8  .    6   5   4   3   2   3   4   5   6   7   8   9  10  11  12  13  14  .   .   .   18  19  20  21  22  23  24  .   28  27  28  29  30  31  .   33  34  35  36  .   38  39  40  41  42  43  .   45  .   47  48  .   50  51  .   53  54  55  56  57  58  59  60  61  62  63  -1  -1  -1  -1
 -1  -1  -1  63  62  61  60  59  .   .   .   55  54  53  .   51  50  49  .   47  46  45  .   43  .   41  40  39  38  37  36  .   34  33  32  31  .   29  28  27  .   25  24  23  22  21  20  19  18  17  16  15  .   13  12  11  10   9  .    7   6   5   4   3   2   1   2   3   4   5   6   7   8   9  10  .   12  13  14  15  16  17  18  19  20  21  22  .   .   .   26  27  .   29  30  31  32  33  34  35  36  37  38  39  40  41  .   43  44  45  46  .   48  49  50  51  52  53  54  55  56  57  58  59  60  61  62  63  -1  -1  -1
 -1  -1  63  62  61  60  59  58  57  56  55  54  53  52  51  50  49  48  47  46  45  44  43  42  41  40  39  38  37  36  35  34  33  32  31  30  29  28  27  26  25  24  23  22  21  20  19  18  17  16  15  14  13  12  11  10   9   8   7   6   5   4   3   2   1   0   1   2   3   4   5   6   7   8   9  10  11  12  13  14  15  16  17  18  19  20  21  22  23  24  25  26  27  28  29  30  31  32  33  34  35  36  37  38  39  40  41  42  43  44  45  46  47  48  49  50  51  52  53  54  55  56  57  58  59  60  61  62  63  -1  -1
 -1  -1  -1  63  62  61  60  59  58  57  56  .   54  53  52  .   50  49  .   47  .   45  44  43  42  41  40  39  38  37  .   35  34  33  .   .   30  29  28  27  26  25  24  23  22  21  20  19  18  17  16  15  14  13  12  11  .   .    8  .    6  .   .   .    2   1   2   3   4   5   6   7   8  .   10  11  12  13  14  15  16  17  18  19  20  .   .   23  24  25  26  27  28  29  30  31  32  33  34  35  36  37  .   39  40  41  42  43  44  45  46  47  48  49  50  51  52  53  54  55  56  57  58  .   60  61  62  63  -1  -1  -1
 -1  -1  -1  -1  63  62  .   60  59  58  57  56  55  54  53  52  51  50  49  48  47  46  45  44  .   42  41  40  39  38  37  36  35  34  35  .   31  30  29  28  27  26  25  24  23  .   21  20  .   .   17  16  15  14  .   12  11  10   9   8   7  .   .    4   3   2   3   4   5   6  .    8  .   12  11  12  13  14  15  16  17  18  19  20  21  22  .   24  25  26  27  28  29  30  31  32  33  34  35  36  37  38  .   40  .   .   .   44  45  46  47  48  49  .   51  .   53  54  55  56  57  58  .   62  61  62  63  -1  -1  -1  -1
 -1  -1  -1  -1  -1  63  62  61  60  59  58  57  56  55  54  53  .   51  .   .   48  .   46  45  44  43  42  41  .   .   38  37  36  35  34  33  32  31  .   29  28  27  26  .   24  23  22  21  22  .   18  17  16  15  14  13  12  11  10   9   8   7   6   5   4   3   4   5   6   7   8   9  10  .   12  13  14  15  16  17  .   19  20  21  22  23  24  25  .   27  28  29  30  31  32  33  34  35  36  37  38  39  40  41  42  .   .   .   .   .   48  49  50  51  52  53  54  55  .   57  .   59  60  61  62  63  -1  -1  -1  -1  -1
 -1  -1  -1  -1  -1  -1  63  62  61  .   59  58  .   56  55  54  .   52  51  50  49  50  .   46  45  44  .   42  41  40  39  .   37  36  35  34  33  32  31  30  29  28  .   28  .   24  23  22  21  20  19  .   17  16  .   14  13  12  11  .    9   8  .    6   5   4   5   6  .    8  .   10  11  12  .   14  15  16  17  18  19  20  21  22  23  24  25  26  27  28  .   30  31  32  .   .   .   36  .   38  .   40  .   42  .   46  47  .   55  54  .   50  51  .   53  .   55  56  .   58  59  60  .   62  63  -1  -1  -1  -1  -1  -1
 -1  -1  -1  -1  -1  -1  -1  63  62  61  60  59  .   57  56  55  .   .   .   51  50  49  48  47  46  45  44  43  42  41  40  39  38  37  36  35  34  33  32  31  30  29  28  27  26  25  24  23  22  21  20  .   18  17  .   15  .   13  12  13  .    9   8   7   6   5   6  .   10   9  10  11  12  13  14  15  16  17  18  19  20  21  .   23  24  25  26  27  28  29  30  .   32  33  34  35  36  37  .   39  .   41  42  43  44  45  .   53  .   53  52  51  52  53  54  55  .   57  58  59  60  61  62  63  -1  -1  -1  -1  -1  -1  -1
 -1  -1  .   -1  -1  -1  -1  -1  63  62  .   60  59  58  57  56  57  56  .   52  .   50  .   48  .   46  45  44  43  42  41  40  39  .   37  36  35  34  .   32  31  30  29  28  27  26  .   24  23  .   21  20  19  18  19  .   15  14  13  14  13  .    9   8   7   6   7  .   11  10  11  12  13  14  15  16  17  18  19  .   21  22  23  24  25  26  27  .   29  30  .   34  33  34  35  36  37  38  .   40  41  42  43  44  45  46  .   52  53  54  53  .   .   .   55  56  57  58  59  60  .   62  63  -1  -1  -1  -1  -1  -1  -1  -1
 -1  -1  -1  -1  -1  -1  -1  -1  -1  63  62  61  60  59  58  57  56  55  54  53  52  51  50  49  48  47  46  45  44  43  42  41  40  39  38  37  36  .   34  33  32  .   30  29  28  27  26  25  24  23  22  21  .   19  18  17  16  15  .   13  12  11  10  .    8   7   8   9  10  11  12  13  14  15  .   17  18  19  20  21  22  23  24  25  26  27  28  .   30  31  32  33  34  35  36  37  .   39  40  41  42  43  44  .   .   .   .   51  52  53  54  55  56  57  56  57  58  59  .   61  62  63  -1  -1  -1  -1  -1  -1  -1  -1  -1
 -1  .   .   -1  -1  -1  -1  -1  -1  -1  63  62  61  60  .   58  57  56  55  .   53  52  51  .   49  48  47  46  45  44  .   42  41  40  39  .   .   36  35  34  33  .   .   30  .   28  27  26  25  24  23  .   21  20  19  18  17  16  .   14  13  12  11  10   9   8  .   10  11  .   .   14  15  16  17  18  .   20  21  22  23  24  .   26  27  28  29  30  31  32  33  34  .   36  37  38  39  .   41  42  .   44  45  46  47  48  49  50  51  52  53  54  55  .   57  58  59  60  .   62  63  -1  -1  -1  -1  -1  -1  -1  -1  -1  -1
 -1  -1  -1  -1  -1  -1  -1  -1  -1  -1  -1  63  62  61  60  59  58  57  56  .   .   53  52  51  50  49  48  47  46  45  44  43  42  41  40  .   .   37  36  35  34  .   .   .   30  29  28  27  26  25  .   25  .   21  20  19  18  .   .   15  14  13  12  11  10   9  10  .   12  13  14  15  16  17  18  19  20  21  .   23  24  .   30  .   .   29  30  31  32  33  34  .   38  37  38  39  40  41  42  .   46  45  46  47  48  49  50  51  52  .   54  55  56  57  58  59  60  61  62  63  -1  -1  -1  -1  -1  -1  -1  -1  -1  -1  -1
 -1  -1  .   .   -1  -1  .   -1  -1  -1  -1  -1  63  62  .   60  59  58  57  56  55  54  53  52  51  50  49  48  47  46  45  44  43  42  41  40  39  38  37  36  35  .   35  .   31  30  .   28  27  26  25  24  23  22  21  20  .   18  17  16  15  14  13  12  .   10  11  12  13  14  15  16  .   18  19  20  21  22  .   24  25  .   29  30  31  30  31  32  .   34  35  36  37  38  39  40  41  42  43  44  .   46  47  48  49  50  51  52  53  54  55  56  .   58  .   .   .   62  63  -1  -1  -1  -1  -1  -1  .   -1  -1  -1  -1  -1
 -1  -1  -1  -1  -1  -1  -1  -1  -1  -1  -1  -1  -1  63  62  61  60  59  .   57  .   55  54  53  52  .   .   .   48  47  46  45  .   .   .   .   40  .   38  37  36  35  34  33  32  .   .   29  28  27  26  25  .   23  22  21  22  .   18  17  16  15  14  13  12  11  12  13  14  15  16  17  18  19  20  21  22  23  24  25  26  27  28  29  30  31  32  33  34  35  36  37  38  39  40  .   42  43  44  .   48  47  48  .   50  51  52  53  54  55  .   57  58  59  60  61  62  63  -1  -1  -1  -1  -1  -1  -1  -1  -1  -1  -1  -1  -1
 -1  .   .   .   -1  -1  -1  -1  .   -1  -1  -1  -1  -1  63  62  61  60  59  58  57  56  55  .   53  52  51  50  49  48  47  .   51  .   .   44  .   .   39  38  37  36  .   34  33  34  .   .   .   28  27  26  27  .   23  .   .   -1  .   18  17  16  15  .   .   12  13  14  15  16  17  18  19  20  21  22  23  24  25  26  .   28  .   30  31  32  33  34  35  36  37  38  39  .   41  42  43  44  45  46  47  48  49  50  51  .   53  .   .   56  .   .   59  60  61  62  63  -1  -1  -1  -1  -1  -1  -1  -1  -1  -1  -1  -1  -1  -1
 -1  -1  -1  -1  -1  .   -1  .   -1  -1  -1  -1  -1  -1  -1  63  62  61  60  59  58  .   56  55  54  53  52  51  50  49  48  49  50  51  .   43  42  41  40  39  38  .   .   35  34  .   32  31  30  29  28  27  26  25  24  .   26  .   20  19  .   17  16  17  .   13  14  15  16  17  18  19  20  21  22  23  24  25  26  27  28  29  .   31  32  33  34  .   36  37  38  .   40  41  42  43  44  45  46  .   48  49  50  .   52  53  54  55  56  57  58  59  60  61  62  63  -1  -1  -1  -1  -1  -1  .   -1  -1  -1  -1  -1  -1  -1  -1
 -1  -1  -1  -1  .   -1  -1  .   -1  -1  -1  -1  -1  -1  -1  -1  63  62  .   60  .   58  57  56  55  54  53  52  .   .   49  50  49  .   45  44  43  42  41  .   39  40  41  .   .   38  .   32  31  30  29  .   27  26  25  26  25  .   21  20  .   18  17  16  15  14  15  16  .   18  19  20  21  22  23  24  25  26  27  .   29  30  31  32  33  34  35  36  37  38  39  40  41  42  43  44  45  46  47  48  49  50  .   54  53  .   55  56  57  58  59  60  61  62  63  -1  -1  -1  -1  -1  -1  -1  .   -1  .   .   -1  .   -1  -1  -1
 -1  .   -1  -1  -1  .   -1  -1  -1  -1  -1  -1  -1  -1  -1  -1  -1  63  62  61  62  .   58  57  56  .   54  53  52  51  50  .   48  47  46  .   44  43  .   41  40  41  .   39  38  37  36  .   32  .   30  29  28  .   26  .   24  23  22  .   20  19  18  17  16  15  16  .   20  19  20  .   22  23  24  25  26  27  28  .   30  31  32  33  34  35  36  37  38  39  40  41  42  43  44  45  46  47  48  49  50  51  .   .   .   57  56  .   58  59  60  61  62  63  -1  -1  -1  -1  -1  -1  -1  -1  -1  -1  -1  .   .   -1  -1  -1  -1
 -1  -1  -1  -1  -1  -1  .   -1  -1  -1  .   -1  -1  -1  -1  -1  -1  -1  63  62  .   62  .   58  57  56  55  54  53  .   51  50  49  .   .   46  45  44  .   .   41  42  41  40  39  .   35  34  33  .   31  30  29  .   27  26  25  .   .   22  21  20  .   18  17  16  17  18  19  .   21  22  23  .   25  26  27  28  .   .   .   .   .   34  35  36  37  38  39  40  41  42  43  .   45  46  47  48  49  50  51  52  53  54  55  56  57  58  59  .   61  62  63  -1  -1  -1  -1  -1  -1  -1  -1  .   -1  .   -1  -1  -1  .   -1  .   -1
 -1  .   -1  -1  -1  -1  -1  -1  -1  -1  -1  -1  .   .   -1  -1  -1  -1  -1  63  62  61  60  59  58  57  56  55  54  53  52  51  50  49  48  47  46  45  44  43  42  .   42  41  40  .   36  35  34  35  .   31  30  .   28  27  26  25  24  23  22  21  20  19  18  17  .   19  20  21  22  23  24  25  26  27  .   29  30  31  32  33  34  .   36  37  38  39  .   41  42  43  44  45  46  47  48  .   50  51  52  53  54  .   56  57  58  59  60  .   62  63  -1  -1  -1  -1  -1  -1  -1  -1  -1  -1  -1  -1  -1  -1  -1  .   -1  .   -1
 -1  -1  .   .   -1  -1  .   -1  -1  -1  -1  -1  -1  .   -1  -1  -1  -1  -1  -1  63  62  61  60  59  58  57  56  55  54  .   52  51  50  49  48  47  46  .   44  43  44  43  42  .   38  37  36  35  34  33  32  .   32  .   .   27  26  25  24  .   .   21  20  .   18  19  20  21  22  23  .   25  26  27  28  29  .   31  32  33  34  35  36  37  38  39  40  41  42  43  .   45  46  47  48  .   52  51  .   53  54  55  .   .   58  59  60  61  62  63  -1  -1  -1  -1  -1  -1  -1  -1  -1  -1  -1  -1  -1  -1  -1  -1  -1  .   .   -1
 -1  -1  -1  -1  -1  -1  .   -1  -1  -1  -1  -1  -1  -1  -1  .   -1  -1  -1  -1  -1  63  62  61  60  .   58  .   56  55  54  53  .   .   50  49  48  47  46  45  44  45  44  .   .   39  38  37  36  35  34  33  32  31  30  29  28  27  26  .   34  33  .   21  20  19  20  21  .   23  .   27  26  27  .   29  30  31  32  33  34  35  .   37  38  39  40  41  42  43  44  .   46  47  48  49  50  51  52  53  54  55  56  57  58  59  60  61  62  63  -1  -1  -1  -1  -1  -1  -1  -1  -1  .   -1  -1  -1  -1  -1  -1  -1  .   -1  .   -1
 -1  -1  -1  -1  -1  -1  -1  .   -1  -1  -1  -1  -1  -1  .   .   -1  -1  -1  -1  -1  -1  63  62  61  60  59  58  57  .   55  54  55  .   .   50  49  48  47  46  45  46  .   42  41  40  .   38  37  .   35  34  33  32  31  30  29  28  27  .   .   32  33  .   .   20  21  22  23  24  .   .   27  .   31  30  31  32  33  .   35  36  37  38  39  40  41  .   43  44  45  46  47  48  49  50  51  52  53  54  55  56  57  58  59  60  .   62  63  -1  -1  -1  -1  -1  -1  .   -1  .   -1  -1  -1  -1  .   -1  -1  -1  -1  -1  .   -1  -1
 -1  -1  .   -1  -1  -1  -1  -1  -1  -1  .   -1  -1  -1  -1  -1  -1  -1  -1  -1  -1  -1  -1  63  62  61  60  59  .   57  56  55  54  53  52  51  50  .   48  47  46  47  .   43  42  41  42  .   .   41  .   .   34  33  32  31  30  29  28  29  30  31  .   25  .   21  22  23  24  25  26  .   .   31  32  .   32  33  34  .   36  37  38  39  40  41  .   45  44  45  .   47  48  49  50  51  52  53  54  .   .   .   58  .   60  61  62  63  -1  -1  -1  -1  -1  -1  -1  -1  -1  -1  -1  .   -1  -1  -1  -1  -1  -1  .   .   -1  -1  -1
 -1  -1  -1  -1  -1  -1  -1  -1  -1  -1  .   -1  .   -1  -1  -1  -1  -1  -1  -1  -1  -1  -1  -1  63  62  61  60  59  58  57  .   .   .   53  .   51  50  49  48  47  46  45  44  43  42  43  42  41  40  .   36  35  34  .   32  31  30  29  30  .   32  .   24  23  22  .   24  25  26  27  28  29  30  31  .   33  .   35  36  37  38  .   40  41  .   47  46  45  46  47  48  49  .   51  52  .   54  .   60  .   60  59  60  61  62  63  -1  -1  -1  -1  -1  -1  -1  -1  -1  -1  -1  -1  -1  -1  -1  -1  -1  -1  .   -1  -1  -1  -1  -1
 -1  -1  .   -1  -1  -1  -1  -1  -1  -1  -1  -1  -1  .   -1  .   -1  -1  -1  -1  -1  -1  -1  -1  -1  63  62  61  .   59  .   -1  .   55  54  53  52  51  50  .   .   47  46  45  44  43  42  41  40  39  38  37  36  35  34  33  .   31  .   31  32  .   26  25  .   23  .   .   .   27  28  29  30  31  .   35  34  .   36  37  .   .   44  .   .   47  48  47  46  47  48  49  50  51  52  53  54  .   .   59  60  61  60  61  62  63  -1  -1  -1  -1  -1  -1  -1  -1  -1  -1  -1  -1  -1  -1  .   -1  -1  -1  .   -1  .   -1  -1  -1  -1
 -1  -1  -1  .   -1  .   -1  -1  .   .   -1  -1  -1  -1  -1  -1  -1  .   -1  -1  -1  -1  -1  -1  -1  -1  63  62  .   .   63  .   57  56  55  54  53  52  51  .   49  48  .   46  45  44  43  42  41  40  39  38  37  .   35  34  33  32  33  32  33  .   27  26  .   24  25  26  27  28  29  30  31  32  33  .   35  36  .   38  .   42  43  44  .   46  47  48  47  48  49  50  .   52  53  54  55  56  57  58  59  60  61  62  63  -1  -1  -1  -1  -1  -1  -1  -1  -1  -1  -1  -1  -1  -1  -1  -1  .   .   -1  -1  -1  -1  .   -1  -1  -1
 -1  .   -1  -1  .   -1  -1  -1  -1  -1  -1  -1  -1  -1  -1  -1  -1  -1  .   -1  .   .   -1  -1  -1  -1  -1  63  -1  63  62  61  .   57  56  55  .   53  52  53  .   49  .   .   46  45  44  .   .   41  40  39  38  37  36  35  .   33  34  33  .   29  28  27  26  25  26  27  28  .   .   31  .   33  34  .   36  37  38  39  40  41  42  43  44  45  46  47  .   .   50  51  .   .   54  55  56  57  58  59  60  61  62  63  -1  -1  -1  -1  -1  -1  -1  -1  -1  .   -1  -1  -1  -1  -1  -1  .   -1  -1  -1  -1  -1  .   -1  -1  -1  -1
 -1  -1  -1  -1  -1  -1  -1  -1  -1  -1  -1  -1  -1  -1  -1  -1  -1  -1  -1  -1  -1  -1  -1  -1  -1  -1  -1  -1  63  62  61  60  59  58  57  56  55  54  53  .   .   50  49  48  47  .   45  44  43  42  41  40  39  38  37  .   35  34  33  32  31  30  29  28  27  26  27  28  29  30  31  32  33  34  35  36  37  38  39  40  41  42  43  44  45  46  47  48  49  50  51  52  53  .   55  56  57  .   59  60  61  62  63  -1  -1  -1  -1  -1  .   -1  .   -1  -1  -1  -1  .   -1  -1  -1  -1  -1  -1  -1  -1  .   -1  -1  -1  -1  -1  -1
 -1  -1  -1  -1  .   -1  -1  -1  -1  -1  -1  .   -1  .   -1  -1  -1  -1  -1  -1  -1  -1  -1  -1  -1  -1  -1  -1  -1  63  62  61  60  .   58  .   56  55  54  53  52  51  50  .   48  .   46  45  44  43  42  41  40  .   38  39  .   35  .   33  .   31  30  29  28  27  .   29  30  31  32  33  34  35  36  37  38  39  .   41  .   43  .   .   46  47  48  49  50  51  52  .   .   57  56  57  58  59  .   61  62  63  -1  -1  -1  -1  -1  -1  -1  -1  .   .   -1  -1  -1  -1  -1  -1  -1  -1  .   .   -1  -1  -1  -1  .   -1  .   .   -1
 -1  -1  -1  -1  -1  -1  -1  -1  -1  .   -1  -1  -1  -1  -1  -1  -1  -1  -1  .   .   -1  -1  -1  -1  -1  -1  -1  -1  -1  63  62  61  .   59  58  57  56  55  54  .   52  .   .   49  .   .   46  45  44  43  .   .   40  39  38  37  36  35  34  .   32  31  30  29  28  29  30  31  32  33  34  35  36  37  .   39  .   .   42  43  44  45  46  47  48  49  .   .   52  .   56  57  58  57  58  59  .   63  62  63  -1  -1  -1  -1  -1  .   -1  -1  -1  -1  -1  -1  .   .   .   -1  -1  -1  -1  -1  -1  -1  -1  -1  -1  .   .   -1  .   -1
 -1  -1  -1  -1  -1  -1  .   -1  -1  -1  -1  -1  -1  -1  -1  -1  -1  -1  -1  .   -1  .   -1  -1  -1  -1  -1  -1  -1  -1  -1  63  62  61  60  59  58  57  56  55  54  53  52  51  50  .   48  47  46  .   44  43  42  41  40  39  .   37  .   35  34  33  32  31  .   29  30  31  .   33  34  35  36  37  38  39  40  41  .   43  .   45  .   47  48  49  50  .   54  53  54  55  56  57  58  59  60  61  62  63  -1  -1  -1  -1  -1  -1  .   -1  -1  -1  -1  -1  -1  -1  .   .   -1  -1  -1  -1  -1  -1  -1  .   -1  -1  -1  -1  -1  -1  -1
 -1  -1  -1  -1  -1  .   -1  -1  .   -1  -1  -1  -1  .   -1  -1  .   -1  -1  -1  -1  -1  -1  -1  -1  -1  .   -1  -1  -1  -1  -1  63  62  .   60  .   58  57  56  55  .   53  52  51  52  .   48  .   46  45  44  43  42  41  40  39  38  39  .   35  34  33  32  31  30  .   32  33  .   35  36  37  38  39  .   41  42  43  44  45  46  47  .   49  .   51  52  53  54  55  56  57  .   59  60  61  62  63  -1  -1  -1  -1  -1  -1  -1  -1  -1  .   -1  -1  -1  -1  .   -1  -1  -1  -1  -1  -1  -1  -1  -1  -1  -1  -1  -1  -1  -1  -1  -1
 -1  -1  -1  -1  .   -1  -1  -1  -1  -1  -1  -1  -1  -1  -1  -1  -1  -1  -1  -1  -1  -1  .   -1  -1  .   -1  -1  -1  -1  -1  -1  -1  63  -1  .   60  59  58  57  .   55  54  53  52  53  54  .   52  .   46  45  44  43  .   41  40  39  38  37  36  35  34  33  .   31  32  33  34  35  36  37  38  39  .   43  42  .   44  45  46  .   48  49  50  51  .   53  .   .   56  57  58  59  60  61  62  63  -1  -1  -1  -1  -1  -1  -1  -1  -1  -1  -1  -1  -1  -1  .   -1  -1  -1  -1  -1  -1  -1  -1  .   -1  .   -1  -1  .   -1  .   -1  -1
 -1  .   -1  -1  .   -1  -1  -1  -1  -1  -1  -1  -1  -1  -1  -1  -1  -1  -1  .   -1  -1  -1  -1  -1  -1  -1  .   -1  -1  -1  -1  -1  -1  -1  -1  .   60  59  58  57  56  .   54  53  54  53  52  51  .   47  46  45  44  43  42  41  40  39  38  37  36  35  34  33  32  33  34  .   36  .   38  39  40  .   44  43  44  .   46  .   50  49  50  .   52  53  54  55  56  57  .   59  60  61  62  63  -1  -1  -1  -1  -1  .   .   -1  .   -1  .   -1  .   -1  -1  -1  -1  -1  -1  -1  -1  -1  -1  -1  -1  -1  .   -1  -1  -1  -1  -1  -1  -1
 -1  .   -1  -1  -1  -1  -1  -1  -1  -1  -1  -1  -1  -1  .   -1  .   -1  -1  -1  -1  .   .   -1  -1  -1  -1  -1  -1  -1  -1  -1  -1  -1  -1  63  62  61  60  59  58  .   .   55  54  .   52  51  50  49  48  .   46  45  44  43  42  .   40  39  38  37  36  35  34  33  34  35  36  37  38  39  40  41  .   .   44  45  46  47  48  49  50  51  52  53  54  55  56  57  .   .   60  .   62  63  -1  -1  -1  -1  -1  -1  -1  -1  -1  -1  -1  -1  -1  -1  -1  -1  .   -1  .   .   -1  -1  .   -1  -1  -1  -1  .   -1  -1  .   -1  .   -1  -1
 -1  -1  -1  -1  -1  -1  .   -1  -1  -1  -1  -1  .   .   -1  -1  -1  .   .   -1  -1  -1  .   .   -1  -1  -1  .   -1  -1  -1  -1  -1  -1  -1  -1  63  62  61  60  59  60  .   56  55  54  53  52  51  50  .   .   47  46  .   44  43  42  41  40  39  .   .   36  35  34  .   36  37  38  39  40  .   42  43  44  45  .   47  .   49  .   51  52  53  54  55  56  57  58  .   62  61  62  63  -1  -1  -1  -1  -1  -1  -1  .   -1  -1  -1  .   -1  -1  -1  -1  .   -1  -1  -1  -1  -1  -1  -1  -1  -1  .   -1  -1  -1  -1  -1  -1  -1  -1  -1
 -1  -1  -1  .   -1  -1  -1  -1  .   -1  -1  .   -1  -1  -1  -1  -1  .   -1  -1  -1  -1  -1  -1  -1  .   -1  -1  -1  -1  -1  -1  -1  -1  -1  -1  -1  63  62  61  60  59  58  57  56  55  54  53  52  51  50  49  48  47  46  45  44  43  42  .   40  39  38  37  36  35  36  37  38  39  .   41  42  43  44  .   46  47  48  49  .   53  52  53  54  55  56  57  .   59  60  61  62  63  -1  -1  -1  -1  -1  -1  .   -1  .   -1  -1  .   -1  -1  .   -1  -1  -1  -1  -1  -1  -1  -1  -1  -1  -1  .   .   -1  -1  -1  .   -1  -1  .   -1  -1
 -1  -1  -1  -1  -1  -1  -1  -1  -1  -1  -1  -1  .   -1  -1  -1  -1  -1  -1  -1  -1  -1  -1  -1  .   -1  -1  .   -1  -1  -1  -1  -1  -1  -1  -1  -1  -1  63  62  61  60  .   58  57  56  .   54  53  52  51  50  49  48  47  46  .   44  43  42  41  40  39  38  37  36  37  38  39  40  41  .   43  44  45  46  47  48  49  50  51  52  .   54  .   56  57  .   61  60  61  62  63  -1  -1  -1  -1  -1  .   .   -1  -1  -1  -1  -1  -1  .   .   -1  -1  .   -1  -1  -1  -1  -1  -1  -1  -1  -1  -1  -1  -1  -1  -1  -1  -1  -1  -1  -1  -1
 -1  -1  -1  -1  .   -1  .   -1  -1  -1  -1  .   -1  -1  .   -1  -1  -1  -1  -1  -1  -1  .   -1  -1  -1  -1  -1  -1  .   -1  -1  -1  -1  -1  -1  -1  -1  -1  63  62  61  60  59  58  57  56  55  54  53  52  51  50  49  48  47  .   45  .   43  .   41  .   39  .   37  38  39  40  41  42  43  44  45  46  47  48  49  50  51  52  53  .   55  56  57  58  59  60  61  62  63  -1  -1  -1  -1  -1  -1  -1  -1  -1  -1  -1  .   -1  -1  -1  -1  -1  .   .   .   -1  -1  -1  -1  -1  -1  -1  .   -1  -1  -1  -1  -1  -1  .   -1  -1  -1  -1
 -1  -1  -1  -1  -1  .   -1  -1  -1  -1  -1  .   -1  -1  .   -1  -1  -1  -1  -1  -1  -1  -1  -1  -1  -1  -1  .   -1  .   -1  -1  .   -1  -1  -1  -1  -1  -1  -1  63  62  61  60  59  58  57  56  55  54  53  52  51  50  49  .   47  46  45  44  .   42  41  40  39  38  39  40  .   42  43  .   45  46  47  48  .   50  51  52  53  54  55  56  57  58  59  60  61  62  63  -1  -1  -1  -1  -1  -1  -1  -1  -1  -1  -1  -1  .   -1  .   -1  .   -1  -1  -1  -1  -1  -1  .   -1  .   .   -1  .   -1  -1  -1  -1  -1  -1  -1  -1  -1  -1  -1
 -1  -1  -1  -1  -1  -1  -1  .   -1  -1  -1  -1  -1  -1  -1  -1  -1  -1  -1  -1  -1  -1  .   -1  -1  -1  -1  -1  -1  -1  -1  .   -1  -1  -1  -1  -1  -1  -1  -1  -1  63  62  61  .   59  58  57  56  .   54  53  52  51  50  51  .   47  .   45  46  .   42  41  40  39  40  41  42  43  44  45  46  47  48  49  .   51  .   53  .   .   56  .   58  59  60  61  62  63  -1  -1  -1  -1  -1  -1  -1  -1  -1  -1  -1  -1  -1  -1  -1  .   -1  -1  -1  -1  .   -1  -1  -1  -1  -1  -1  -1  -1  -1  -1  -1  -1  .   -1  -1  .   -1  .   .   -1
 -1  -1  -1  .   -1  -1  -1  -1  -1  -1  -1  -1  -1  -1  -1  -1  -1  -1  -1  -1  -1  -1  -1  -1  -1  -1  -1  -1  .   -1  -1  -1  -1  .   -1  -1  -1  -1  -1  -1  -1  -1  63  62  61  60  59  58  57  56  55  54  .   52  51  52  .   48  .   46  .   .   .   42  41  40  .   42  43  44  .   46  47  48  49  50  51  .   55  54  .   .   57  58  59  .   .   62  63  -1  -1  -1  -1  -1  .   -1  .   -1  -1  -1  -1  -1  .   -1  -1  -1  -1  -1  -1  -1  -1  -1  -1  .   -1  -1  .   .   .   -1  -1  -1  -1  -1  -1  -1  -1  -1  -1  .   -1
 -1  -1  -1  -1  .   .   -1  -1  -1  -1  .   -1  -1  -1  -1  .   -1  -1  -1  -1  -1  -1  -1  .   -1  -1  .   .   -1  -1  -1  -1  -1  -1  -1  -1  .   -1  -1  -1  -1  -1  -1  63  62  61  60  .   58  57  56  55  56  .   52  .   50  49  48  47  .   49  48  .   42  41  42  .   44  45  46  47  48  49  50  51  52  53  54  55  56  57  58  59  60  61  62  63  -1  -1  -1  -1  -1  -1  -1  .   -1  -1  .   -1  -1  -1  -1  -1  -1  -1  .   -1  -1  -1  -1  -1  .   -1  -1  -1  -1  -1  -1  .   -1  -1  -1  .   -1  -1  -1  -1  -1  -1  -1
 -1  -1  -1  -1  -1  .   -1  -1  -1  .   .   -1  .   -1  -1  -1  .   -1  -1  -1  .   .   -1  -1  -1  .   -1  -1  -1  -1  -1  -1  -1  -1  -1  -1  -1  -1  -1  -1  -1  -1  -1  -1  63  62  61  .   59  .   57  56  57  58  .   52  51  .   49  48  49  48  47  .   43  42  43  44  45  46  47  48  49  50  51  52  53  54  55  56  .   58  59  60  61  62  63  -1  -1  -1  -1  -1  -1  -1  -1  -1  -1  .   -1  -1  .   -1  .   -1  -1  -1  -1  -1  -1  -1  -1  -1  -1  -1  -1  -1  -1  -1  -1  -1  -1  -1  -1  -1  -1  .   -1  -1  -1  -1  -1
 -1  -1  -1  -1  -1  -1  -1  -1  .   -1  -1  -1  .   -1  -1  -1  -1  -1  .   .   -1  .   .   -1  -1  .   -1  -1  -1  -1  -1  -1  -1  -1  .   -1  -1  -1  .   .   -1  -1  -1  -1  -1  63  62  61  60  .   58  57  .   57  .   53  52  51  50  49  48  47  46  45  44  43  44  45  .   .   48  49  50  51  52  53  54  55  .   57  58  59  60  61  62  63  -1  -1  -1  -1  -1  .   -1  -1  .   .   .   -1  -1  -1  -1  -1  .   -1  -1  -1  -1  -1  .   -1  -1  -1  -1  -1  -1  -1  -1  -1  -1  -1  -1  .   -1  -1  -1  -1  -1  -1  -1  -1  -1
 -1  .   -1  -1  -1  -1  -1  -1  -1  -1  .   .   -1  -1  -1  -1  -1  .   .   -1  -1  -1  -1  .   -1  -1  -1  .   -1  -1  -1  -1  -1  -1  -1  -1  -1  -1  -1  .   -1  -1  -1  -1  -1  -1  63  62  61  60  59  58  57  56  55  54  53  52  51  50  49  48  47  46  .   44  .   .   -1  .   .   50  51  52  53  54  55  56  57  58  .   .   61  62  63  -1  -1  -1  -1  -1  -1  -1  -1  -1  -1  -1  -1  .   -1  -1  .   -1  -1  -1  .   -1  -1  -1  -1  -1  -1  -1  -1  -1  -1  -1  .   -1  -1  -1  -1  -1  -1  -1  .   .   -1  .   -1  -1  -1
 -1  -1  -1  -1  -1  -1  -1  .   -1  -1  -1  -1  -1  -1  -1  -1  -1  -1  -1  -1  -1  -1  -1  -1  .   -1  .   -1  -1  -1  -1  -1  -1  -1  -1  -1  -1  -1  -1  -1  -1  -1  -1  -1  -1  -1  -1  63  62  61  60  .   .   57  56  55  54  53  52  .   50  49  48  47  46  45  46  47  .   53  52  51  52  53  54  .   56  57  58  59  60  .   62  63  -1  -1  -1  -1  -1  -1  -1  -1  -1  -1  .   -1  -1  -1  -1  -1  -1  -1  -1  .   -1  -1  -1  -1  -1  .   -1  .   -1  -1  -1  .   -1  -1  -1  .   -1  .   -1  -1  -1  -1  -1  .   -1  -1  -1
 -1  -1  -1  -1  -1  -1  -1  .   -1  -1  -1  -1  -1  .   -1  .   -1  -1  -1  -1  .   -1  -1  -1  -1  .   -1  -1  -1  -1  .   .   .   -1  -1  -1  -1  -1  .   -1  -1  -1  -1  -1  -1  -1  -1  -1  63  62  .   60  59  58  57  56  .   54  53  52  51  50  .   48  47  46  .   .   55  54  53  52  .   .   55  56  57  58  59  .   61  62  63  -1  -1  -1  -1  -1  -1  -1  .   -1  -1  .   -1  .   -1  -1  -1  -1  -1  -1  .   -1  -1  .   .   .   -1  .   -1  -1  -1  -1  -1  -1  -1  -1  -1  .   -1  -1  -1  .   -1  -1  -1  .   .   -1  -1
 -1  -1  -1  .   -1  .   -1  -1  -1  -1  -1  -1  -1  -1  .   -1  -1  -1  -1  .   -1  -1  .   -1  -1  -1  -1  -1  .   -1  -1  .   -1  -1  -1  -1  -1  -1  .   -1  .   -1  .   .   -1  -1  -1  -1  -1  63  62  61  60  59  .   .   56  55  54  53  52  51  50  49  .   47  48  49  .   55  54  53  54  55  56  57  58  59  60  61  62  63  -1  -1  -1  -1  -1  -1  -1  -1  -1  -1  .   -1  -1  .   -1  -1  -1  -1  -1  -1  .   -1  -1  -1  -1  -1  -1  .   -1  -1  -1  -1  -1  .   -1  -1  -1  -1  -1  -1  -1  -1  -1  -1  .   -1  -1  -1  -1
 -1  -1  .   .   .   -1  -1  -1  -1  -1  .   -1  -1  -1  -1  -1  -1  -1  -1  -1  .   .   -1  -1  -1  -1  -1  .   -1  -1  -1  -1  .   -1  .   .   -1  -1  -1  -1  -1  .   -1  -1  -1  -1  -1  -1  -1  -1  63  62  .   60  59  58  57  .   .   54  53  52  51  50  49  48  49  50  .   54  55  .   55  56  57  58  59  60  61  62  63  -1  -1  -1  -1  -1  -1  .   -1  -1  -1  -1  -1  -1  -1  -1  -1  -1  -1  -1  -1  .   -1  .   .   -1  -1  -1  -1  -1  .   -1  -1  -1  -1  -1  -1  .   -1  -1  .   -1  -1  -1  -1  -1  -1  -1  -1  -1  -1
 -1  -1  -1  .   -1  -1  .   .   -1  -1  -1  -1  -1  -1  -1  -1  -1  -1  -1  -1  -1  -1  -1  -1  -1  -1  -1  .   .   -1  .   -1  -1  -1  -1  -1  .   -1  .   .   .   -1  -1  -1  -1  .   -1  -1  -1  -1  -1  63  62  61  60  59  58  57  56  55  54  53  .   51  50  49  50  51  52  53  54  55  56  57  58  .   60  61  62  63  -1  -1  -1  -1  -1  .   -1  -1  -1  -1  -1  -1  -1  -1  -1  -1  -1  -1  -1  -1  -1  -1  -1  -1  -1  -1  -1  -1  -1  -1  -1  -1  -1  .   -1  -1  -1  -1  -1  -1  -1  .   -1  .   -1  -1  -1  -1  -1  -1  -1
 -1  .   -1  -1  -1  -1  .   -1  -1  -1  -1  -1  -1  -1  -1  -1  -1  -1  -1  -1  -1  -1  -1  -1  -1  -1  -1  -1  -1  -1  -1  -1  .   -1  -1  -1  .   -1  -1  -1  -1  -1  -1  -1  -1  -1  .   -1  -1  -1  -1  -1  63  62  61  60  59  .   57  56  .   54  53  52  51  50  51  52  53  54  .   56  57  58  .   62  61  62  63  -1  -1  -1  -1  -1  -1  -1  .   -1  -1  -1  -1  -1  -1  -1  -1  -1  -1  -1  -1  -1  -1  -1  -1  -1  .   -1  -1  -1  -1  -1  -1  -1  -1  -1  -1  -1  -1  -1  .   -1  -1  -1  -1  -1  .   .   -1  -1  .   .   -1
 -1  -1  -1  -1  -1  -1  -1  -1  -1  -1  -1  -1  -1  -1  -1  .   -1  -1  -1  -1  -1  .   -1  -1  -1  .   -1  -1  -1  -1  .   -1  -1  -1  .   -1  -1  -1  -1  -1  -1  .   -1  -1  -1  -1  -1  -1  -1  -1  -1  -1  -1  63  62  61  60  61  .   57  56  55  54  53  52  51  .   .   54  55  56  57  58  59  60  61  62  63  -1  -1  -1  -1  -1  .   -1  -1  .   -1  -1  -1  -1  -1  -1  -1  -1  -1  -1  -1  -1  -1  .   -1  -1  -1  -1  -1  -1  -1  -1  .   -1  -1  -1  -1  .   -1  .   .   -1  .   -1  -1  -1  -1  -1  -1  -1  -1  -1  -1  -1
 -1  -1  -1  -1  .   -1  -1  -1  -1  -1  -1  -1  -1  -1  -1  -1  -1  .   -1  -1  -1  .   -1  -1  -1  -1  -1  -1  -1  -1  -1  -1  -1  -1  .   -1  -1  -1  -1  .   -1  -1  -1  -1  -1  -1  .   -1  -1  -1  -1  -1  -1  -1  63  62  .   .   .   58  57  56  55  .   53  52  53  54  55  56  57  58  .   60  61  62  63  -1  -1  -1  -1  -1  .   -1  -1  -1  -1  -1  .   -1  .   -1  .   .   -1  -1  -1  -1  .   -1  -1  -1  .   -1  -1  -1  -1  -1  -1  -1  -1  -1  -1  -1  -1  -1  -1  -1  .   .   -1  -1  .   .   -1  -1  -1  -1  -1  -1  -1
 -1  -1  -1  -1  -1  .   -1  -1  .   -1  -1  -1  -1  -1  -1  -1  -1  -1  -1  -1  -1  -1  -1  -1  -1  -1  -1  .   -1  -1  -1  -1  .   -1  -1  -1  -1  -1  -1  -1  -1  -1  -1  -1  .   -1  .   -1  .   -1  -1  -1  -1  -1  -1  63  62  61  60  59  58  57  56  55  54  53  54  55  56  57  58  59  .   61  62  63  -1  -1  -1  -1  -1  -1  .   -1  -1  -1  -1  -1  -1  -1  .   .   .   .   .   -1  -1  .   .   -1  -1  -1  -1  .   -1  -1  -1  -1  -1  -1  -1  -1  -1  -1  -1  -1  -1  .   -1  -1  -1  .   -1  -1  -1  -1  -1  -1  .   .   -1
 -1  -1  -1  -1  -1  .   -1  -1  .   -1  -1  .   -1  -1  -1  -1  -1  -1  -1  -1  -1  -1  -1  -1  -1  -1  -1  -1  -1  -1  .   .   .   -1  -1  -1  -1  -1  -1  .   -1  -1  -1  -1  .   -1  -1  -1  -1  .   .   -1  -1  -1  -1  -1  63  62  61  60  59  58  57  56  55  54  55  56  57  58  .   60  .   62  63  -1  -1  -1  -1  -1  .   -1  -1  .   .   -1  -1  -1  -1  .   -1  -1  -1  -1  -1  .   -1  -1  -1  -1  -1  -1  -1  -1  -1  -1  .   -1  .   -1  -1  -1  -1  .   .   -1  .   -1  .   -1  -1  .   -1  -1  -1  -1  -1  -1  .   -1  -1
 -1  -1  -1  -1  -1  -1  -1  .   .   -1  -1  -1  -1  -1  -1  -1  -1  -1  .   .   .   -1  -1  -1  -1  -1  -1  -1  -1  -1  -1  -1  -1  -1  -1  -1  -1  -1  -1  .   -1  -1  -1  -1  -1  -1  -1  -1  -1  -1  .   -1  -1  -1  -1  -1  -1  63  62  61  60  59  58  57  56  55  56  .   .   .   62  61  62  63  -1  -1  -1  -1  -1  -1  -1  -1  -1  -1  .   .   -1  .   .   -1  .   -1  .   -1  .   -1  -1  -1  -1  .   -1  -1  -1  -1  -1  -1  -1  -1  -1  -1  -1  -1  -1  -1  -1  -1  .   -1  -1  -1  .   -1  -1  .   -1  .   -1  -1  .   -1  -1
 -1  .   -1  -1  .   -1  -1  -1  -1  -1  -1  -1  -1  -1  .   .   .   -1  -1  -1  -1  -1  -1  -1  .   -1  -1  -1  -1  -1  .   -1  -1  -1  -1  -1  -1  .   -1  -1  -1  -1  -1  -1  -1  .   -1  -1  -1  -1  -1  -1  -1  -1  -1  -1  -1  -1  63  62  61  60  59  .   57  56  57  58  59  60  61  62  63  -1  -1  -1  -1  -1  .   .   -1  -1  -1  .   -1  -1  -1  -1  -1  -1  -1  -1  .   -1  -1  -1  -1  .   -1  -1  .   -1  -1  -1  -1  -1  .   .   -1  -1  -1  -1  -1  -1  -1  .   -1  -1  -1  -1  -1  .   -1  -1  -1  -1  -1  -1  -1  -1  -1
 -1  -1  -1  -1  -1  -1  -1  -1  -1  -1  .   -1  -1  -1  -1  -1  .   .   -1  -1  -1  -1  -1  -1  -1  -1  -1  .   -1  -1  -1  -1  -1  -1  -1  -1  -1  .   -1  .   .   .   -1  -1  -1  -1  -1  .   -1  .   -1  -1  -1  -1  -1  -1  -1  -1  -1  63  62  61  60  61  .   57  58  59  60  .   62  63  -1  -1  -1  -1  -1  -1  -1  -1  -1  -1  -1  -1  -1  -1  -1  -1  -1  -1  -1  -1  -1  -1  -1  -1  -1  -1  -1  -1  -1  -1  -1  -1  -1  .   .   -1  -1  -1  -1  -1  -1  -1  -1  -1  -1  -1  -1  -1  -1  -1  .   -1  -1  -1  -1  -1  -1  .   -1
 -1  .   -1  -1  -1  .   .   -1  -1  .   -1  -1  -1  .   -1  -1  -1  -1  -1  .   .   -1  -1  -1  -1  .   -1  .   -1  .   -1  -1  -1  -1  -1  -1  -1  -1  -1  -1  .   .   -1  .   -1  -1  -1  -1  -1  -1  -1  -1  -1  -1  -1  -1  -1  -1  -1  -1  63  62  61  60  59  58  59  60  61  62  63  -1  -1  -1  -1  -1  .   -1  -1  -1  -1  -1  -1  .   .   -1  -1  -1  -1  -1  -1  .   -1  -1  -1  -1  -1  -1  -1  -1  -1  .   -1  -1  .   .   -1  -1  .   .   -1  -1  -1  -1  -1  -1  -1  -1  -1  .   .   -1  -1  -1  -1  -1  -1  -1  -1  .   -1
 -1  -1  -1  -1  -1  -1  .   -1  .   -1  -1  -1  -1  -1  .   -1  -1  -1  -1  -1  -1  -1  -1  -1  -1  -1  .   .   -1  .   -1  -1  .   -1  -1  -1  -1  -1  .   -1  -1  -1  -1  -1  -1  -1  .   -1  -1  -1  -1  -1  -1  -1  -1  .   -1  -1  -1  -1  -1  63  62  61  60  59  60  61  62  63  -1  -1  -1  -1  -1  -1  .   -1  -1  -1  -1  -1  -1  -1  -1  .   .   -1  .   -1  -1  -1  .   -1  -1  -1  -1  -1  .   .   -1  -1  -1  .   -1  .   .   .   -1  -1  .   -1  -1  .   -1  -1  -1  -1  .   -1  -1  -1  -1  -1  -1  -1  -1  .   -1  -1  -1
 -1  -1  -1  -1  .   .   -1  -1  -1  -1  -1  -1  -1  -1  -1  -1  -1  .   .   -1  -1  -1  -1  -1  .   -1  -1  -1  -1  -1  -1  -1  -1  -1  -1  -1  -1  -1  -1  -1  .   .   -1  .   -1  -1  -1  .   -1  -1  .   -1  -1  -1  -1  -1  -1  -1  -1  -1  -1  -1  63  62  61  60  61  62  63  -1  -1  -1  -1  -1  -1  .   -1  -1  -1  -1  -1  -1  .   -1  -1  -1  -1  -1  -1  -1  -1  .   -1  .   .   -1  -1  -1  -1  -1  -1  -1  .   -1  -1  -1  -1  .   -1  -1  .   -1  -1  -1  .   -1  -1  -1  -1  -1  -1  -1  -1  -1  .   -1  -1  .   .   -1  -1
 -1  -1  -1  -1  .   .   .   .   -1  .   -1  -1  -1  -1  .   -1  .   -1  -1  -1  -1  -1  -1  -1  .   .   -1  -1  -1  .   .   .   -1  -1  -1  -1  .   -1  -1  -1  .   .   -1  -1  .   -1  .   -1  -1  -1  -1  -1  -1  -1  -1  -1  -1  -1  -1  -1  -1  -1  -1  63  62  61  62  63  -1  -1  -1  -1  -1  -1  -1  -1  -1  -1  -1  -1  -1  -1  .   -1  -1  -1  -1  -1  -1  -1  .   .   -1  -1  -1  -1  .   .   -1  .   -1  .   -1  -1  -1  -1  -1  -1  -1  -1  -1  -1  -1  -1  -1  -1  -1  -1  -1  .   -1  -1  .   .   -1  -1  -1  -1  .   .   -1
 -1  -1  -1  -1  -1  -1  -1  -1  .   -1  -1  -1  -1  -1  -1  -1  -1  -1  .   -1  -1  -1  -1  .   -1  -1  -1  -1  -1  -1  -1  .   -1  -1  -1  -1  -1  -1  -1  .   -1  .   -1  -1  -1  -1  -1  -1  -1  -1  -1  -1  -1  .   -1  -1  -1  -1  -1  -1  -1  -1  -1  -1  63  62  63  -1  -1  -1  -1  -1  .   -1  -1  .   -1  -1  .   -1  -1  -1  .   .   -1  -1  -1  .   -1  -1  -1  -1  -1  .   .   -1  -1  -1  -1  .   .   -1  .   -1  -1  .   -1  .   .   -1  -1  -1  -1  -1  -1  -1  -1  -1  .   -1  -1  -1  -1  -1  -1  -1  -1  -1  -1  -1  -1
 -1  .   -1  -1  -1  -1  -1  -1  -1  -1  -1  -1  -1  -1  .   -1  -1  .   -1  .   -1  -1  -1  -1  -1  .   -1  -1  -1  -1  -1  -1  .   -1  .   .   -1  .   -1  .   -1  .   -1  -1  .   -1  -1  -1  -1  .   .   -1  -1  .   -1  -1  -1  -1  -1  -1  -1  -1  -1  -1  -1  63  -1  -1  -1  -1  -1  -1  -1  -1  -1  -1  -1  -1  -1  -1  -1  -1  -1  -1  .   -1  -1  -1  -1  .   -1  -1  -1  -1  -1  -1  -1  -1  .   -1  -1  -1  -1  -1  .   -1  -1  -1  -1  -1  -1  -1  -1  -1  -1  .   -1  -1  -1  .   -1  -1  -1  -1  -1  -1  .   -1  -1  -1  -1
 -1  -1  -1  -1  -1  -1  -1  -1  -1  -1  -1  -1  .   -1  -1  -1  -1  -1  .   -1  .   -1  -1  -1  -1  -1  -1  -1  -1  .   .   -1  .   -1  -1  -1  -1  -1  .   -1  -1  -1  -1  -1  -1  .   -1  .   -1  -1  -1  -1  -1  -1  -1  -1  -1  .   -1  -1  -1  -1  -1  -1  -1  -1  -1  -1  -1  -1  -1  -1  -1  .   -1  -1  -1  -1  -1  .   -1  .   -1  .   -1  .   .   -1  -1  -1  -1  -1  -1  .   -1  -1  -1  -1  .   -1  .   -1  -1  -1  -1  -1  .   -1  -1  -1  -1  -1  -1  -1  -1  -1  -1  -1  -1  -1  -1  -1  -1  -1  -1  -1  -1  -1  .   -1  -1
 -1  -1  -1  -1  -1  -1  -1  -1  -1  -1  -1  -1  -1  -1  -1  -1  -1  -1  -1  -1  -1  -1  -1  -1  -1  -1  -1  -1  -1  -1  -1  -1  -1  -1  -1  -1  -1  -1  -1  -1  -1  -1  -1  -1  -1  -1  -1  -1  -1  -1  -1  -1  -1  -1  -1  -1  -1  -1  -1  -1  -1  -1  -1  -1  -1  -1  -1  -1  -1  -1  -1  -1  -1  -1  -1  -1  -1  -1  -1  -1  -1  -1  -1  -1  -1  -1  -1  -1  -1  -1  -1  -1  -1  -1  -1  -1  -1  -1  -1  -1  -1  -1  -1  -1  -1  -1  -1  -1  -1  -1  -1  -1  -1  -1  -1  -1  -1  -1  -1  -1  -1  -1  -1  -1  -1  -1  -1  -1  -1  -1  -1